,pk,id,taken_at,media_type,width,height,url,lat,lng
0,1244263350274230345,1244263350274230345_1742887177,1462547771,1,640,640,https://instagram.fluh1-1.fna.fbcdn.net/v/t51.2885-15/e35/13092443_1634480833543836_1035333293_n.jpg?tp=1&_nc_ht=instagram.fluh1-1.fna.fbcdn.net&_nc_cat=100&_nc_ohc=Pdcr9VUE-RUAX-Z1a0D&ccb=7-4&oh=72b246f99255fe134adfdb00e9b9fbd1&oe=608183D2&_nc_sid=6136e7&ig_cache_key=MTI0NDI2MzM1MDI3NDIzMDM0NQ%3D%3D.2-ccb7-4,,
1,1233209842498407332,1233209842498407332_1742887177,1461230090,1,1080,856,https://instagram.fluh1-1.fna.fbcdn.net/v/t51.2885-15/e35/12912538_1755937807976974_447253107_n.jpg?se=7&tp=1&_nc_ht=instagram.fluh1-1.fna.fbcdn.net&_nc_cat=110&_nc_ohc=FWznW0ZlnlsAX8SYO5l&ccb=7-4&oh=4a54cc643a3fe096c2fb9a10bd6fc049&oe=6082124B&_nc_sid=6136e7&ig_cache_key=MTIzMzIwOTg0MjQ5ODQwNzMzMg%3D%3D.2-ccb7-4,,
2,1225232089719376247,1225232089719376247_1742887177,1460279068,1,1080,1080,https://instagram.fluh1-1.fna.fbcdn.net/v/t51.2885-15/e35/12912312_565458426968277_1445693958_n.jpg?se=7&tp=1&_nc_ht=instagram.fluh1-1.fna.fbcdn.net&_nc_cat=109&_nc_ohc=xi6D14ElrcwAX9ajTLt&ccb=7-4&oh=7397615d13684dff44497e2553f19750&oe=60819492&_nc_sid=6136e7&ig_cache_key=MTIyNTIzMjA4OTcxOTM3NjI0Nw%3D%3D.2-ccb7-4,,
3,1222615019705993342,1222615019705993342_1742887177,1459967089,1,640,640,https://instagram.fluh1-1.fna.fbcdn.net/v/t51.2885-15/e35/12950340_612740955546094_107623619_n.jpg?tp=1&_nc_ht=instagram.fluh1-1.fna.fbcdn.net&_nc_cat=110&_nc_ohc=H2wwpynfys8AX8jmh_k&ccb=7-4&oh=903d551fabe5b93160a912e7c60b5b57&oe=608123F8&_nc_sid=6136e7&ig_cache_key=MTIyMjYxNTAxOTcwNTk5MzM0Mg%3D%3D.2-ccb7-4,,
4,1222415966233823337,1222415966233823337_1742887177,1459943360,1,640,640,https://instagram.fluh1-1.fna.fbcdn.net/v/t51.2885-15/e35/12383102_1738182493125024_1443717060_n.jpg?tp=1&_nc_ht=instagram.fluh1-1.fna.fbcdn.net&_nc_cat=100&_nc_ohc=_Cb6D24DRAQAX92tEpm&ccb=7-4&oh=05b6654c4fb6cc756c0b1ea66ce38616&oe=6080C60A&_nc_sid=6136e7&ig_cache_key=MTIyMjQxNTk2NjIzMzgyMzMzNw%3D%3D.2-ccb7-4,,
5,1222415635554895969,1222415635554895969_1742887177,1459943321,1,640,640,https://instagram.fluh1-1.fna.fbcdn.net/v/t51.2885-15/e35/12950293_578324742335482_510434205_n.jpg?tp=1&_nc_ht=instagram.fluh1-1.fna.fbcdn.net&_nc_cat=110&_nc_ohc=Iv1CXjzhlqgAX-2yzUy&ccb=7-4&oh=aea2c005b06c6b87bdbacccb1c2c02cf&oe=6081007E&_nc_sid=6136e7&ig_cache_key=MTIyMjQxNTYzNTU1NDg5NTk2OQ%3D%3D.2-ccb7-4,,
6,1221135250640472597,1221135250640472597_1742887177,1459790687,1,1080,1350,https://instagram.fluh1-1.fna.fbcdn.net/v/t51.2885-15/e35/12940669_256656991343535_1780191791_n.jpg?se=7&tp=1&_nc_ht=instagram.fluh1-1.fna.fbcdn.net&_nc_cat=103&_nc_ohc=aZTfWJGWjyoAX_tjIGG&ccb=7-4&oh=876caa2929f6655073af10d9456e5ef2&oe=6081DA9C&_nc_sid=6136e7&ig_cache_key=MTIyMTEzNTI1MDY0MDQ3MjU5Nw%3D%3D.2-ccb7-4,,
7,1220472407498819779,1220472407498819779_1742887177,1459711670,1,640,640,https://instagram.fluh1-1.fna.fbcdn.net/v/t51.2885-15/e35/10354399_565966960246339_1858825856_n.jpg?tp=1&_nc_ht=instagram.fluh1-1.fna.fbcdn.net&_nc_cat=107&_nc_ohc=szYbF0TbXbIAX_FJ2YZ&ccb=7-4&oh=26ac41326244d910e97ef613545d154b&oe=60818229&_nc_sid=6136e7&ig_cache_key=MTIyMDQ3MjQwNzQ5ODgxOTc3OQ%3D%3D.2-ccb7-4,,
8,1220435093896694403,1220435093896694403_1742887177,1459707222,1,640,640,https://instagram.fluh1-1.fna.fbcdn.net/v/t51.2885-15/e35/12724705_539813212845939_1162748040_n.jpg?tp=1&_nc_ht=instagram.fluh1-1.fna.fbcdn.net&_nc_cat=103&_nc_ohc=Jj6PZWJCzK0AX9gBLNP&ccb=7-4&oh=a3eedea2b00a1439f98b6070d66a9987&oe=60819848&_nc_sid=6136e7&ig_cache_key=MTIyMDQzNTA5Mzg5NjY5NDQwMw%3D%3D.2-ccb7-4,,
9,1218864962737408255,1218864962737408255_1742887177,1459520047,1,640,640,https://instagram.fluh1-1.fna.fbcdn.net/v/t51.2885-15/e15/12905043_533537726847049_889709914_n.jpg?tp=1&_nc_ht=instagram.fluh1-1.fna.fbcdn.net&_nc_cat=101&_nc_ohc=VyYNeHFeuPMAX97ELfy&ccb=7-4&oh=e58c66834a8f45c31194ed71998f495e&oe=60831CCA&_nc_sid=6136e7&ig_cache_key=MTIxODg2NDk2MjczNzQwODI1NQ%3D%3D.2-ccb7-4,,
10,1216341284774611588,1216341284774611588_1742887177,1459219202,1,640,640,https://instagram.fluh1-1.fna.fbcdn.net/v/t51.2885-15/e15/12912765_1727675160813060_1176925322_n.jpg?tp=1&_nc_ht=instagram.fluh1-1.fna.fbcdn.net&_nc_cat=100&_nc_ohc=jo6L2iu_rg8AX--hDyV&ccb=7-4&oh=4ca32988dfb3f5b09185183d8a64931d&oe=60842257&_nc_sid=6136e7&ig_cache_key=MTIxNjM0MTI4NDc3NDYxMTU4OA%3D%3D.2-ccb7-4,,
11,1214685818302630607,1214685818302630607_1742887177,1459021855,1,1068,712,https://instagram.fluh1-1.fna.fbcdn.net/v/t51.2885-15/e35/12519657_1054182307953155_1570963064_n.jpg?se=7&tp=1&_nc_ht=instagram.fluh1-1.fna.fbcdn.net&_nc_cat=111&_nc_ohc=VpmFjMILuMIAX840NCh&ccb=7-4&oh=d627b26109952e2a2c38fe28158aebf8&oe=608203C9&_nc_sid=6136e7&ig_cache_key=MTIxNDY4NTgxODMwMjYzMDYwNw%3D%3D.2-ccb7-4,,
12,1213919632308701978,1213919632308701978_1742887177,1458930518,1,540,675,https://instagram.fluh1-1.fna.fbcdn.net/v/t51.2885-15/e35/11909221_553385744830058_708096375_n.jpg?tp=1&_nc_ht=instagram.fluh1-1.fna.fbcdn.net&_nc_cat=102&_nc_ohc=SA-5OrBv4-kAX80omN6&ccb=7-4&oh=d89a725406ab5781af8c463b007206fe&oe=6081C773&_nc_sid=6136e7&ig_cache_key=MTIxMzkxOTYzMjMwODcwMTk3OA%3D%3D.2-ccb7-4,,
13,1213870040636591052,1213870040636591052_1742887177,1458924606,1,540,675,https://instagram.fluh1-1.fna.fbcdn.net/v/t51.2885-15/e35/11379959_1587464601579727_87392578_n.jpg?tp=1&_nc_ht=instagram.fluh1-1.fna.fbcdn.net&_nc_cat=107&_nc_ohc=YhIPloFPNJQAX-gPu6i&ccb=7-4&oh=b1c965b38b9b5e3fd3a3673c2b5e8190&oe=6081E003&_nc_sid=6136e7&ig_cache_key=MTIxMzg3MDA0MDYzNjU5MTA1Mg%3D%3D.2-ccb7-4,,
14,1213810151839107788,1213810151839107788_1742887177,1458917467,1,851,851,https://instagram.fluh1-1.fna.fbcdn.net/v/t51.2885-15/e35/12912639_1093751790676204_103654061_n.jpg?se=8&tp=1&_nc_ht=instagram.fluh1-1.fna.fbcdn.net&_nc_cat=104&_nc_ohc=9ggEdAXk1eAAX969iy1&ccb=7-4&oh=f28989d2f1d54d4ba384fe83ee409383&oe=60831E04&_nc_sid=6136e7&ig_cache_key=MTIxMzgxMDE1MTgzOTEwNzc4OA%3D%3D.2-ccb7-4,,
15,1212905645274172199,1212905645274172199_1742887177,1458809641,1,640,640,https://instagram.fluh1-1.fna.fbcdn.net/v/t51.2885-15/e15/12479117_253776691622732_157162770_n.jpg?tp=1&_nc_ht=instagram.fluh1-1.fna.fbcdn.net&_nc_cat=108&_nc_ohc=CDtaehzZ2tcAX9nqL5x&ccb=7-4&oh=471e57a957c4b3d16e54f77b6d25f276&oe=6081319A&_nc_sid=6136e7&ig_cache_key=MTIxMjkwNTY0NTI3NDE3MjE5OQ%3D%3D.2-ccb7-4,,
16,1212329785563417201,1212329785563417201_1742887177,1458740994,1,480,480,https://instagram.fluh1-1.fna.fbcdn.net/v/t51.2885-15/e35/10895023_558849100955411_2036362430_n.jpg?tp=1&_nc_ht=instagram.fluh1-1.fna.fbcdn.net&_nc_cat=111&_nc_ohc=wevcjY8ltJgAX96qvcK&ccb=7-4&oh=c6c09bf8b0a8b6a5ae6e5e47f3d3975f&oe=60834F4F&_nc_sid=6136e7&ig_cache_key=MTIxMjMyOTc4NTU2MzQxNzIwMQ%3D%3D.2-ccb7-4,,
17,1212210858783017630,1212210858783017630_1742887177,1458726816,1,1080,1080,https://instagram.fluh1-1.fna.fbcdn.net/v/t51.2885-15/e35/12798002_1002677549808399_2144089697_n.jpg?se=7&tp=1&_nc_ht=instagram.fluh1-1.fna.fbcdn.net&_nc_cat=103&_nc_ohc=07QMmhPh1dcAX96c87i&ccb=7-4&oh=96dd180af3f4d9981c34b736bbde2e9c&oe=6082689D&_nc_sid=6136e7&ig_cache_key=MTIxMjIxMDg1ODc4MzAxNzYzMA%3D%3D.2-ccb7-4,,
18,1211532749859588847,1211532749859588847_1742887177,1458645980,1,640,640,https://instagram.fluh1-1.fna.fbcdn.net/v/t51.2885-15/e15/10269029_229321900756218_345146233_n.jpg?tp=1&_nc_ht=instagram.fluh1-1.fna.fbcdn.net&_nc_cat=106&_nc_ohc=Y9P5xPlSw08AX_5LAG0&ccb=7-4&oh=cfb84c40babd3f03c858c8424aab4c39&oe=6081D9B4&_nc_sid=6136e7&ig_cache_key=MTIxMTUzMjc0OTg1OTU4ODg0Nw%3D%3D.2-ccb7-4,,
19,1205583693417155112,1205583693417155112_1742887177,1457936797,1,640,640,https://instagram.fluh1-1.fna.fbcdn.net/v/t51.2885-15/e15/12818991_1574337619545033_1122932429_n.jpg?tp=1&_nc_ht=instagram.fluh1-1.fna.fbcdn.net&_nc_cat=109&_nc_ohc=6IdlJyFsWj0AX_8KKmn&ccb=7-4&oh=dc9c92b1cf24f2f79ea560198faee96f&oe=6083781C&_nc_sid=6136e7&ig_cache_key=MTIwNTU4MzY5MzQxNzE1NTExMg%3D%3D.2-ccb7-4,,
20,1205583282903845408,1205583282903845408_1742887177,1457936748,1,640,640,https://instagram.fluh1-1.fna.fbcdn.net/v/t51.2885-15/e15/12798184_768807416553509_2107945909_n.jpg?tp=1&_nc_ht=instagram.fluh1-1.fna.fbcdn.net&_nc_cat=105&_nc_ohc=QrCGUza6m9EAX-vDnD0&ccb=7-4&oh=66da7f828c77e61041e7bf46128de57b&oe=60846AED&_nc_sid=6136e7&ig_cache_key=MTIwNTU4MzI4MjkwMzg0NTQwOA%3D%3D.2-ccb7-4,,
21,1205582960345090587,1205582960345090587_1742887177,1457936709,1,640,640,https://instagram.fluh1-1.fna.fbcdn.net/v/t51.2885-15/e15/1170045_531706137009029_1729577825_n.jpg?tp=1&_nc_ht=instagram.fluh1-1.fna.fbcdn.net&_nc_cat=105&_nc_ohc=H2EbwtcowB8AX_keq9E&ccb=7-4&oh=a808ae878b750cdbdc891ba8a1c0c592&oe=60834A7F&_nc_sid=6136e7&ig_cache_key=MTIwNTU4Mjk2MDM0NTA5MDU4Nw%3D%3D.2-ccb7-4,,
22,1205581887098194438,1205581887098194438_1742887177,1457936581,1,640,640,https://instagram.fluh1-1.fna.fbcdn.net/v/t51.2885-15/e15/11265043_599512140203006_1858141145_n.jpg?tp=1&_nc_ht=instagram.fluh1-1.fna.fbcdn.net&_nc_cat=102&_nc_ohc=jtrAVDv556gAX_b6QU9&ccb=7-4&oh=cf8d10869887c909a5d171f2d06a8968&oe=6083EF33&_nc_sid=6136e7&ig_cache_key=MTIwNTU4MTg4NzA5ODE5NDQzOA%3D%3D.2-ccb7-4,,
23,1205581445144381950,1205581445144381950_1742887177,1457936529,1,640,640,https://instagram.fluh1-1.fna.fbcdn.net/v/t51.2885-15/e15/10431998_361764260660760_790838451_n.jpg?tp=1&_nc_ht=instagram.fluh1-1.fna.fbcdn.net&_nc_cat=100&_nc_ohc=ZyJ_9pymrDwAX-BnKNj&ccb=7-4&oh=c4a5ed118e6892a421d286ee6c0e453d&oe=60808562&_nc_sid=6136e7&ig_cache_key=MTIwNTU4MTQ0NTE0NDM4MTk1MA%3D%3D.2-ccb7-4,,
24,1205580858587744755,1205580858587744755_1742887177,1457936459,1,640,640,https://instagram.fluh1-1.fna.fbcdn.net/v/t51.2885-15/e15/1209523_768806233263969_1613335399_n.jpg?tp=1&_nc_ht=instagram.fluh1-1.fna.fbcdn.net&_nc_cat=109&_nc_ohc=OKBAxIL3wCoAX_0xQWI&ccb=7-4&oh=928955163eb13127638b2fb5c354ec7f&oe=60812CFE&_nc_sid=6136e7&ig_cache_key=MTIwNTU4MDg1ODU4Nzc0NDc1NQ%3D%3D.2-ccb7-4,,
25,1205580246538127842,1205580246538127842_1742887177,1457936386,1,640,640,https://instagram.fluh1-1.fna.fbcdn.net/v/t51.2885-15/e15/12784121_975284535892143_1090154006_n.jpg?tp=1&_nc_ht=instagram.fluh1-1.fna.fbcdn.net&_nc_cat=103&_nc_ohc=tGGmC2fOoeQAX_1c_5l&ccb=7-4&oh=474bb71fa87a002d503e04f72bb4d9da&oe=6081473F&_nc_sid=6136e7&ig_cache_key=MTIwNTU4MDI0NjUzODEyNzg0Mg%3D%3D.2-ccb7-4,,
26,1205579797152008663,1205579797152008663_1742887177,1457936332,1,640,640,https://instagram.fluh1-1.fna.fbcdn.net/v/t51.2885-15/e15/12519615_530306730483107_1544330515_n.jpg?tp=1&_nc_ht=instagram.fluh1-1.fna.fbcdn.net&_nc_cat=111&_nc_ohc=vJ71r2tlx2kAX_AeqMw&ccb=7-4&oh=51c3a4ba35a42266c70be82f90392aa6&oe=60811D07&_nc_sid=6136e7&ig_cache_key=MTIwNTU3OTc5NzE1MjAwODY2Mw%3D%3D.2-ccb7-4,,
27,1205504828757903384,1205504828757903384_1742887177,1457927395,1,640,640,https://instagram.fluh1-1.fna.fbcdn.net/v/t51.2885-15/e15/12818988_1090091657708876_1544143217_n.jpg?tp=1&_nc_ht=instagram.fluh1-1.fna.fbcdn.net&_nc_cat=108&_nc_ohc=ubK2vE8mQpgAX97ompC&ccb=7-4&oh=b089cf91ba35f05305f2c3fab6acf71b&oe=6081DA14&_nc_sid=6136e7&ig_cache_key=MTIwNTUwNDgyODc1NzkwMzM4NA%3D%3D.2-ccb7-4,,
28,1205385543968492384,1205385543968492384_1742887177,1457913175,1,640,640,https://instagram.fluh1-1.fna.fbcdn.net/v/t51.2885-15/e15/12519591_196944244011789_1079498795_n.jpg?tp=1&_nc_ht=instagram.fluh1-1.fna.fbcdn.net&_nc_cat=109&_nc_ohc=_ZNQPAQxUrEAX_L2PaT&ccb=7-4&oh=29c765ea40d190eb0c356748b9558625&oe=608171A3&_nc_sid=6136e7&ig_cache_key=MTIwNTM4NTU0Mzk2ODQ5MjM4NA%3D%3D.2-ccb7-4,,
29,1205153483848812950,1205153483848812950_1742887177,1457885512,1,640,640,https://instagram.fluh1-1.fna.fbcdn.net/v/t51.2885-15/e15/917366_1689698114619476_288924451_n.jpg?tp=1&_nc_ht=instagram.fluh1-1.fna.fbcdn.net&_nc_cat=108&_nc_ohc=NBCdBdxY0s0AX-6B557&ccb=7-4&oh=16fd977d4d154d50c22eb10a6fe4bb62&oe=6080A446&_nc_sid=6136e7&ig_cache_key=MTIwNTE1MzQ4Mzg0ODgxMjk1MA%3D%3D.2-ccb7-4,,
30,1205151439603763523,1205151439603763523_1742887177,1457885268,1,640,640,https://instagram.fluh1-1.fna.fbcdn.net/v/t51.2885-15/e15/12530833_235799926765582_365737534_n.jpg?tp=1&_nc_ht=instagram.fluh1-1.fna.fbcdn.net&_nc_cat=110&_nc_ohc=9bTUxoFVEpsAX_Xh6CI&ccb=7-4&oh=a1d1ce83f177e8863f5edd00f41afc4b&oe=6082FFB5&_nc_sid=6136e7&ig_cache_key=MTIwNTE1MTQzOTYwMzc2MzUyMw%3D%3D.2-ccb7-4,,
31,1205150519700621601,1205150519700621601_1742887177,1457885158,1,640,640,https://instagram.fluh1-1.fna.fbcdn.net/v/t51.2885-15/e15/12751446_200766476955548_1812813913_n.jpg?tp=1&_nc_ht=instagram.fluh1-1.fna.fbcdn.net&_nc_cat=108&_nc_ohc=zVn37Z95FwUAX_oqqX-&ccb=7-4&oh=ea6eee9e630d87af7f6a4c9915379482&oe=608211FB&_nc_sid=6136e7&ig_cache_key=MTIwNTE1MDUxOTcwMDYyMTYwMQ%3D%3D.2-ccb7-4,,
32,1205149747235653883,1205149747235653883_1742887177,1457885066,1,640,640,https://instagram.fluh1-1.fna.fbcdn.net/v/t51.2885-15/e15/1168341_1235951529767248_625548148_n.jpg?tp=1&_nc_ht=instagram.fluh1-1.fna.fbcdn.net&_nc_cat=104&_nc_ohc=s9U68lg1PEgAX-dLuzk&ccb=7-4&oh=d0d5cc957afbeef23da04920f917be55&oe=60820002&_nc_sid=6136e7&ig_cache_key=MTIwNTE0OTc0NzIzNTY1Mzg4Mw%3D%3D.2-ccb7-4,,
33,1205149133055330531,1205149133055330531_1742887177,1457884993,1,640,640,https://instagram.fluh1-1.fna.fbcdn.net/v/t51.2885-15/e15/10375881_817705191707102_1851136096_n.jpg?tp=1&_nc_ht=instagram.fluh1-1.fna.fbcdn.net&_nc_cat=102&_nc_ohc=kgwMfrvBR-AAX8_OcF4&ccb=7-4&oh=861899dc779a3c32d74ee9a915f3ee9f&oe=6083AC22&_nc_sid=6136e7&ig_cache_key=MTIwNTE0OTEzMzA1NTMzMDUzMQ%3D%3D.2-ccb7-4,,
34,1204895814021941441,1204895814021941441_1742887177,1457854795,1,640,640,https://instagram.fluh1-1.fna.fbcdn.net/v/t51.2885-15/e15/12783413_164119823977629_274488296_n.jpg?tp=1&_nc_ht=instagram.fluh1-1.fna.fbcdn.net&_nc_cat=109&_nc_ohc=wj7Wu44zI7EAX8St0XY&ccb=7-4&oh=7821407323c5170be4dbcaabb640291a&oe=608177CD&_nc_sid=6136e7&ig_cache_key=MTIwNDg5NTgxNDAyMTk0MTQ0MQ%3D%3D.2-ccb7-4,,
35,1204895325561686199,1204895325561686199_1742887177,1457854737,1,640,640,https://instagram.fluh1-1.fna.fbcdn.net/v/t51.2885-15/e15/12798178_913118098809760_2095886949_n.jpg?tp=1&_nc_ht=instagram.fluh1-1.fna.fbcdn.net&_nc_cat=104&_nc_ohc=pQxoexKcJCcAX945PXv&ccb=7-4&oh=66633695a15499f6ed13be1d76775a75&oe=6082C445&_nc_sid=6136e7&ig_cache_key=MTIwNDg5NTMyNTU2MTY4NjE5OQ%3D%3D.2-ccb7-4,,
36,1204894970882951346,1204894970882951346_1742887177,1457854695,1,640,640,https://instagram.fluh1-1.fna.fbcdn.net/v/t51.2885-15/e15/929331_1015594795145115_1190085029_n.jpg?tp=1&_nc_ht=instagram.fluh1-1.fna.fbcdn.net&_nc_cat=103&_nc_ohc=RHqe0_xaKMcAX-NBIYY&ccb=7-4&oh=78b9df8c032f444ced8f5f1a0b528317&oe=60825FF9&_nc_sid=6136e7&ig_cache_key=MTIwNDg5NDk3MDg4Mjk1MTM0Ng%3D%3D.2-ccb7-4,,
37,1204893281685735574,1204893281685735574_1742887177,1457854493,1,640,640,https://instagram.fluh1-1.fna.fbcdn.net/v/t51.2885-15/e15/12783504_950905158328689_1031213793_n.jpg?tp=1&_nc_ht=instagram.fluh1-1.fna.fbcdn.net&_nc_cat=109&_nc_ohc=bGQ44aqAK0QAX9P0EiV&ccb=7-4&oh=f69acefbc7bbb6670e107fcef3a9c4f0&oe=608285E2&_nc_sid=6136e7&ig_cache_key=MTIwNDg5MzI4MTY4NTczNTU3NA%3D%3D.2-ccb7-4,,
38,1204891697975265398,1204891697975265398_1742887177,1457854304,1,640,640,https://instagram.fluh1-1.fna.fbcdn.net/v/t51.2885-15/e15/12797859_1142054349162390_843979505_n.jpg?tp=1&_nc_ht=instagram.fluh1-1.fna.fbcdn.net&_nc_cat=106&_nc_ohc=B8Gj9PMCJ10AX8M8bB4&ccb=7-4&oh=0621c5bddf8185b18d6d7660165c27c7&oe=6082E1B8&_nc_sid=6136e7&ig_cache_key=MTIwNDg5MTY5Nzk3NTI2NTM5OA%3D%3D.2-ccb7-4,,
39,1204292861758146801,1204292861758146801_1742887177,1457782918,1,640,640,https://instagram.fluh1-1.fna.fbcdn.net/v/t51.2885-15/e15/12784050_966576796712270_1440245381_n.jpg?tp=1&_nc_ht=instagram.fluh1-1.fna.fbcdn.net&_nc_cat=102&_nc_ohc=03_JPNGRw18AX-MdM_3&ccb=7-4&oh=68a26b4b961d54d5d9d3e8e7282fa51c&oe=6080C108&_nc_sid=6136e7&ig_cache_key=MTIwNDI5Mjg2MTc1ODE0NjgwMQ%3D%3D.2-ccb7-4,,
40,1204291864671422674,1204291864671422674_1742887177,1457782799,1,640,640,https://instagram.fluh1-1.fna.fbcdn.net/v/t51.2885-15/e15/12822399_915095368606778_165504989_n.jpg?tp=1&_nc_ht=instagram.fluh1-1.fna.fbcdn.net&_nc_cat=102&_nc_ohc=XqV6nn8dy-wAX9DL3Nr&ccb=7-4&oh=757f13e33bdc99736b40c0d95f551317&oe=60808371&_nc_sid=6136e7&ig_cache_key=MTIwNDI5MTg2NDY3MTQyMjY3NA%3D%3D.2-ccb7-4,,
41,1204282574757825463,1204282574757825463_1742887177,1457781691,1,640,640,https://instagram.fluh1-1.fna.fbcdn.net/v/t51.2885-15/e15/10598726_1713892855564520_1741004896_n.jpg?tp=1&_nc_ht=instagram.fluh1-1.fna.fbcdn.net&_nc_cat=108&_nc_ohc=OQfl8RAvtq8AX_6oKB8&ccb=7-4&oh=a29f686310cc0f5ee535a8e65c23fd47&oe=6081B3A9&_nc_sid=6136e7&ig_cache_key=MTIwNDI4MjU3NDc1NzgyNTQ2Mw%3D%3D.2-ccb7-4,,
42,1204281758814702490,1204281758814702490_1742887177,1457781594,1,640,640,https://instagram.fluh1-1.fna.fbcdn.net/v/t51.2885-15/e15/12725008_1120029971382499_1084693431_n.jpg?tp=1&_nc_ht=instagram.fluh1-1.fna.fbcdn.net&_nc_cat=107&_nc_ohc=_N1IkfQlKkUAX_yTxNB&ccb=7-4&oh=33b1cb172f23414a8eae9c1dbd878280&oe=60812BDE&_nc_sid=6136e7&ig_cache_key=MTIwNDI4MTc1ODgxNDcwMjQ5MA%3D%3D.2-ccb7-4,,
43,1204276568480942826,1204276568480942826_1742887177,1457780975,1,640,640,https://instagram.fluh1-1.fna.fbcdn.net/v/t51.2885-15/e15/12825698_1532417673727316_937248653_n.jpg?tp=1&_nc_ht=instagram.fluh1-1.fna.fbcdn.net&_nc_cat=108&_nc_ohc=fu_NNyYG-wUAX8sN7iI&ccb=7-4&oh=802182e6779645a0856fe7c427f50114&oe=60827E7D&_nc_sid=6136e7&ig_cache_key=MTIwNDI3NjU2ODQ4MDk0MjgyNg%3D%3D.2-ccb7-4,,
44,1204222327431236064,1204222327431236064_1742887177,1457774509,1,640,640,https://instagram.fluh1-1.fna.fbcdn.net/v/t51.2885-15/e15/12816936_221332428220761_1438806103_n.jpg?tp=1&_nc_ht=instagram.fluh1-1.fna.fbcdn.net&_nc_cat=109&_nc_ohc=jBvm1f6ByVUAX-t_1I4&ccb=7-4&oh=a78257c68a82278edea8280a236a9801&oe=60808A24&_nc_sid=6136e7&ig_cache_key=MTIwNDIyMjMyNzQzMTIzNjA2NA%3D%3D.2-ccb7-4,,
45,1204209246244309135,1204209246244309135_1742887177,1457772950,1,640,640,https://instagram.fluh1-1.fna.fbcdn.net/v/t51.2885-15/e15/12825772_1746666705563794_1899665192_n.jpg?tp=1&_nc_ht=instagram.fluh1-1.fna.fbcdn.net&_nc_cat=110&_nc_ohc=sG-qWU6UGkcAX9D6rcT&ccb=7-4&oh=0641173de13002f0bcea5df44d6e44da&oe=6081C135&_nc_sid=6136e7&ig_cache_key=MTIwNDIwOTI0NjI0NDMwOTEzNQ%3D%3D.2-ccb7-4,,
46,1204208355348973695,1204208355348973695_1742887177,1457772844,1,640,640,https://instagram.fluh1-1.fna.fbcdn.net/v/t51.2885-15/e15/12826051_851904388269678_302924053_n.jpg?tp=1&_nc_ht=instagram.fluh1-1.fna.fbcdn.net&_nc_cat=106&_nc_ohc=OKqv3Nc7mqEAX-zLP6d&ccb=7-4&oh=d4de5d8c8a48f699942bcd148234f815&oe=60818EAE&_nc_sid=6136e7&ig_cache_key=MTIwNDIwODM1NTM0ODk3MzY5NQ%3D%3D.2-ccb7-4,,
47,1204207406530300022,1204207406530300022_1742887177,1457772731,1,640,640,https://instagram.fluh1-1.fna.fbcdn.net/v/t51.2885-15/e15/10009339_667594553379927_310275722_n.jpg?tp=1&_nc_ht=instagram.fluh1-1.fna.fbcdn.net&_nc_cat=103&_nc_ohc=8JsrmFlr144AX8J6AZX&ccb=7-4&oh=f9e7135c472525411f49bc4ca7ff96b9&oe=60807CF0&_nc_sid=6136e7&ig_cache_key=MTIwNDIwNzQwNjUzMDMwMDAyMg%3D%3D.2-ccb7-4,,
48,1204206945123305584,1204206945123305584_1742887177,1457772676,1,640,640,https://instagram.fluh1-1.fna.fbcdn.net/v/t51.2885-15/e15/1171119_471987746337726_1758295865_n.jpg?tp=1&_nc_ht=instagram.fluh1-1.fna.fbcdn.net&_nc_cat=106&_nc_ohc=0CjKEVHcdOUAX8GPdKT&ccb=7-4&oh=fde2b5fbd92e2951a3ee3cddfcbe827f&oe=608229C9&_nc_sid=6136e7&ig_cache_key=MTIwNDIwNjk0NTEyMzMwNTU4NA%3D%3D.2-ccb7-4,,
49,1204206005750204516,1204206005750204516_1742887177,1457772564,1,640,640,https://instagram.fluh1-1.fna.fbcdn.net/v/t51.2885-15/e15/12751575_1738214393131486_1712574859_n.jpg?tp=1&_nc_ht=instagram.fluh1-1.fna.fbcdn.net&_nc_cat=110&_nc_ohc=tpvSTA7nxjEAX_FUy8l&ccb=7-4&oh=57b180da579cd5279e83bb74b6477c6c&oe=6083D5EC&_nc_sid=6136e7&ig_cache_key=MTIwNDIwNjAwNTc1MDIwNDUxNg%3D%3D.2-ccb7-4,,
50,1204168997233363336,1204168997233363336_1742887177,1457768152,1,640,640,https://instagram.fluh1-1.fna.fbcdn.net/v/t51.2885-15/e15/12826216_364461823724194_794878755_n.jpg?tp=1&_nc_ht=instagram.fluh1-1.fna.fbcdn.net&_nc_cat=110&_nc_ohc=slMREA3L5wUAX-Igb69&ccb=7-4&oh=55a9b16372d0035bf9ae8bce96654cb9&oe=60830842&_nc_sid=6136e7&ig_cache_key=MTIwNDE2ODk5NzIzMzM2MzMzNg%3D%3D.2-ccb7-4,,
51,1204064135388727483,1204064135388727483_1742887177,1457755651,1,640,640,https://instagram.fluh1-1.fna.fbcdn.net/v/t51.2885-15/e15/12822310_264907897174169_139438101_n.jpg?tp=1&_nc_ht=instagram.fluh1-1.fna.fbcdn.net&_nc_cat=105&_nc_ohc=98E99vs4jPYAX_fzw0K&ccb=7-4&oh=40019c443d12c3dee87793467728e6f7&oe=608279A2&_nc_sid=6136e7&ig_cache_key=MTIwNDA2NDEzNTM4ODcyNzQ4Mw%3D%3D.2-ccb7-4,,
52,1204063427591538857,1204063427591538857_1742887177,1457755567,1,640,640,https://instagram.fluh1-1.fna.fbcdn.net/v/t51.2885-15/e15/12783978_1703166049969417_2041076388_n.jpg?tp=1&_nc_ht=instagram.fluh1-1.fna.fbcdn.net&_nc_cat=101&_nc_ohc=5abmOWTCyyoAX9aVwio&ccb=7-4&oh=02a75a5577091c34aa5e1210feefc619&oe=60818C2A&_nc_sid=6136e7&ig_cache_key=MTIwNDA2MzQyNzU5MTUzODg1Nw%3D%3D.2-ccb7-4,,
53,1204062680334338201,1204062680334338201_1742887177,1457755478,1,640,640,https://instagram.fluh1-1.fna.fbcdn.net/v/t51.2885-15/e15/12825782_972431779478080_555120413_n.jpg?tp=1&_nc_ht=instagram.fluh1-1.fna.fbcdn.net&_nc_cat=104&_nc_ohc=mqFsAbz7ps4AX__kDcZ&ccb=7-4&oh=fddd34d051ccdee682552d907fb49183&oe=6082F72B&_nc_sid=6136e7&ig_cache_key=MTIwNDA2MjY4MDMzNDMzODIwMQ%3D%3D.2-ccb7-4,,
54,1204034268211317239,1204034268211317239_1742887177,1457752091,1,640,640,https://instagram.fluh1-1.fna.fbcdn.net/v/t51.2885-15/e15/12751451_1770645709834011_235803020_n.jpg?tp=1&_nc_ht=instagram.fluh1-1.fna.fbcdn.net&_nc_cat=103&_nc_ohc=sQAGFsOlsnUAX8Gq0qA&ccb=7-4&oh=67f12f3f2e26f3f50b6b3e8a31e02a8c&oe=60826A06&_nc_sid=6136e7&ig_cache_key=MTIwNDAzNDI2ODIxMTMxNzIzOQ%3D%3D.2-ccb7-4,,
55,1203521663998757753,1203521663998757753_1742887177,1457690984,1,640,640,https://instagram.fluh1-1.fna.fbcdn.net/v/t51.2885-15/e15/12328447_1576891375967119_2005032070_n.jpg?tp=1&_nc_ht=instagram.fluh1-1.fna.fbcdn.net&_nc_cat=107&_nc_ohc=31Q-20bOZjUAX9LMqd_&ccb=7-4&oh=0c67e650bb8b9d608c8a5d7a5ac0550c&oe=60837967&_nc_sid=6136e7&ig_cache_key=MTIwMzUyMTY2Mzk5ODc1Nzc1Mw%3D%3D.2-ccb7-4,,
56,1203449430173420270,1203449430173420270_1742887177,1457682373,1,640,640,https://instagram.fluh1-1.fna.fbcdn.net/v/t51.2885-15/e15/11386530_1134792843220140_2076508240_n.jpg?tp=1&_nc_ht=instagram.fluh1-1.fna.fbcdn.net&_nc_cat=100&_nc_ohc=j0LCBHswIlIAX8WIXvP&ccb=7-4&oh=b60a7af03f3d3f7e0494444262bbd810&oe=60834ECB&_nc_sid=6136e7&ig_cache_key=MTIwMzQ0OTQzMDE3MzQyMDI3MA%3D%3D.2-ccb7-4,,
57,1203438133646068300,1203438133646068300_1742887177,1457681026,1,640,640,https://instagram.fluh1-1.fna.fbcdn.net/v/t51.2885-15/e15/12826144_1712692662282818_626929873_n.jpg?tp=1&_nc_ht=instagram.fluh1-1.fna.fbcdn.net&_nc_cat=102&_nc_ohc=DE_QI3Yecz8AX_Ke0tO&ccb=7-4&oh=dc1a790b613f8eb743c0af047210f4c8&oe=60823198&_nc_sid=6136e7&ig_cache_key=MTIwMzQzODEzMzY0NjA2ODMwMA%3D%3D.2-ccb7-4,,
58,1203437422208223799,1203437422208223799_1742887177,1457680941,1,640,640,https://instagram.fluh1-1.fna.fbcdn.net/v/t51.2885-15/e15/12751340_517960258411395_356120963_n.jpg?tp=1&_nc_ht=instagram.fluh1-1.fna.fbcdn.net&_nc_cat=103&_nc_ohc=9aWzf5yonhoAX8GVYGW&ccb=7-4&oh=bdb36a6e35ba21ae63749a11611cea04&oe=60811805&_nc_sid=6136e7&ig_cache_key=MTIwMzQzNzQyMjIwODIyMzc5OQ%3D%3D.2-ccb7-4,,
59,1195649271498672881,1195649271498672881_1742887177,1456752521,1,1080,1080,https://instagram.fluh1-1.fna.fbcdn.net/v/t51.2885-15/e35/12783936_447562945435006_250537732_n.jpg?se=7&tp=1&_nc_ht=instagram.fluh1-1.fna.fbcdn.net&_nc_cat=110&_nc_ohc=r6eIsaFxdusAX-AgVUd&ccb=7-4&oh=6bc4873fa6e561e25643f5869419d837&oe=6083A747&_nc_sid=6136e7&ig_cache_key=MTE5NTY0OTI3MTQ5ODY3Mjg4MQ%3D%3D.2-ccb7-4,,
60,1195648739795143398,1195648739795143398_1742887177,1456752458,1,900,1060,https://instagram.fluh1-1.fna.fbcdn.net/v/t51.2885-15/e35/12784066_456312927907457_2056647204_n.jpg?se=8&tp=1&_nc_ht=instagram.fluh1-1.fna.fbcdn.net&_nc_cat=105&_nc_ohc=nIaeTdEEl3AAX98ziiW&ccb=7-4&oh=de5b335286322c638b7c16b17041f3bd&oe=608369C6&_nc_sid=6136e7&ig_cache_key=MTE5NTY0ODczOTc5NTE0MzM5OA%3D%3D.2-ccb7-4,,
61,1194900053209254281,1194900053209254281_1742887177,1456663208,1,864,864,https://instagram.fluh1-1.fna.fbcdn.net/v/t51.2885-15/e35/12750366_1049590171749060_2136460771_n.jpg?se=8&tp=1&_nc_ht=instagram.fluh1-1.fna.fbcdn.net&_nc_cat=100&_nc_ohc=YTrd9Zv0ezcAX8CpRip&ccb=7-4&oh=201edb8ab189c7cb0263277cc79bee1d&oe=60830175&_nc_sid=6136e7&ig_cache_key=MTE5NDkwMDA1MzIwOTI1NDI4MQ%3D%3D.2-ccb7-4,,
62,1194779421486221773,1194779421486221773_1742887177,1456648827,1,1080,1080,https://instagram.fluh1-1.fna.fbcdn.net/v/t51.2885-15/e35/12783407_443778285818789_1451782329_n.jpg?se=7&tp=1&_nc_ht=instagram.fluh1-1.fna.fbcdn.net&_nc_cat=105&_nc_ohc=6qWMUcdhEzoAX9dmO6J&ccb=7-4&oh=264deefa05de5f4437af769b79ad2aee&oe=6082811B&_nc_sid=6136e7&ig_cache_key=MTE5NDc3OTQyMTQ4NjIyMTc3Mw%3D%3D.2-ccb7-4,,
63,1194566806998747512,1194566806998747512_1742887177,1456623482,1,640,640,https://instagram.fluh1-1.fna.fbcdn.net/v/t51.2885-15/e15/12751075_1518395245129955_756275450_n.jpg?tp=1&_nc_ht=instagram.fluh1-1.fna.fbcdn.net&_nc_cat=111&_nc_ohc=_6ZcCdVdmrMAX-LfusI&ccb=7-4&oh=788e41f1ca6d755cafaafcdaf4663cd1&oe=608154F8&_nc_sid=6136e7&ig_cache_key=MTE5NDU2NjgwNjk5ODc0NzUxMg%3D%3D.2-ccb7-4,,
64,1194564983877404992,1194564983877404992_1742887177,1456623264,1,640,640,https://instagram.fluh1-1.fna.fbcdn.net/v/t51.2885-15/e15/11372011_153153405072427_1601146784_n.jpg?tp=1&_nc_ht=instagram.fluh1-1.fna.fbcdn.net&_nc_cat=107&_nc_ohc=5XfNvVpqgQ0AX-xLU8J&ccb=7-4&oh=a6b88c242b9327af84b11a6db05ab919&oe=60810400&_nc_sid=6136e7&ig_cache_key=MTE5NDU2NDk4Mzg3NzQwNDk5Mg%3D%3D.2-ccb7-4,,
65,1194564207184578850,1194564207184578850_1742887177,1456623172,1,640,640,https://instagram.fluh1-1.fna.fbcdn.net/v/t51.2885-15/e15/12797700_990272917721141_602164648_n.jpg?tp=1&_nc_ht=instagram.fluh1-1.fna.fbcdn.net&_nc_cat=105&_nc_ohc=RCcq9T1x5s0AX897nmx&ccb=7-4&oh=b871ef1661ef3e55012e97448ab01961&oe=6080E2CA&_nc_sid=6136e7&ig_cache_key=MTE5NDU2NDIwNzE4NDU3ODg1MA%3D%3D.2-ccb7-4,,
66,1194345517868517846,1194345517868517846_1742887177,1456597102,1,640,640,https://instagram.fluh1-1.fna.fbcdn.net/v/t51.2885-15/e15/10311262_638203099651173_1804549973_n.jpg?tp=1&_nc_ht=instagram.fluh1-1.fna.fbcdn.net&_nc_cat=109&_nc_ohc=m_yzcfNXEn4AX-_yObO&ccb=7-4&oh=784bb2142a798af4a756a612c089e2f5&oe=608445EC&_nc_sid=6136e7&ig_cache_key=MTE5NDM0NTUxNzg2ODUxNzg0Ng%3D%3D.2-ccb7-4,,
67,1194315783046564192,1194315783046564192_1742887177,1456593557,1,1080,1080,https://instagram.fluh1-1.fna.fbcdn.net/v/t51.2885-15/e35/12748204_918958518221964_1490645869_n.jpg?se=7&tp=1&_nc_ht=instagram.fluh1-1.fna.fbcdn.net&_nc_cat=100&_nc_ohc=3XZZJeD9vWcAX8NRSKN&ccb=7-4&oh=c684b87f61d194008d4d1bca0b6dcdd3&oe=6082335D&_nc_sid=6136e7&ig_cache_key=MTE5NDMxNTc4MzA0NjU2NDE5Mg%3D%3D.2-ccb7-4,,
68,1194298016998230731,1194298016998230731_1742887177,1456591439,1,720,720,https://instagram.fluh1-1.fna.fbcdn.net/v/t51.2885-15/e35/12750042_1696271637327709_1286192279_n.jpg?tp=1&_nc_ht=instagram.fluh1-1.fna.fbcdn.net&_nc_cat=101&_nc_ohc=2XIOD7CECNYAX_kQZec&ccb=7-4&oh=6a0075c4f58cdf304cd96b9a51d7dee2&oe=608348FB&_nc_sid=6136e7&ig_cache_key=MTE5NDI5ODAxNjk5ODIzMDczMQ%3D%3D.2-ccb7-4,,
69,1194286683770718530,1194286683770718530_1742887177,1456590088,1,1080,1080,https://instagram.fluh1-1.fna.fbcdn.net/v/t51.2885-15/e35/12798166_1132958023404743_1850274454_n.jpg?se=7&tp=1&_nc_ht=instagram.fluh1-1.fna.fbcdn.net&_nc_cat=111&_nc_ohc=IhXjUE72N3YAX8B2GFY&ccb=7-4&oh=39dfc5c7060610d9e4f179455c70e044&oe=60825B23&_nc_sid=6136e7&ig_cache_key=MTE5NDI4NjY4Mzc3MDcxODUzMA%3D%3D.2-ccb7-4,,
70,1194269409949125352,1194269409949125352_1742887177,1456588029,1,747,747,https://instagram.fluh1-1.fna.fbcdn.net/v/t51.2885-15/e35/12748162_1526332451030682_2129635673_n.jpg?tp=1&_nc_ht=instagram.fluh1-1.fna.fbcdn.net&_nc_cat=106&_nc_ohc=z2x8hLU3He4AX_fh9hS&ccb=7-4&oh=ccdd6f9874d738af6dbc4058316e6bb2&oe=60841BE3&_nc_sid=6136e7&ig_cache_key=MTE5NDI2OTQwOTk0OTEyNTM1Mg%3D%3D.2-ccb7-4,,
71,1194169463828777444,1194169463828777444_1742887177,1456576114,1,640,640,https://instagram.fluh1-1.fna.fbcdn.net/v/t51.2885-15/e15/12751301_181372688905697_1338049224_n.jpg?tp=1&_nc_ht=instagram.fluh1-1.fna.fbcdn.net&_nc_cat=105&_nc_ohc=c347WhN6RScAX97nxgG&ccb=7-4&oh=dc532ead2d0d619f1c6ed4d4ad08e2a1&oe=6083A5F7&_nc_sid=6136e7&ig_cache_key=MTE5NDE2OTQ2MzgyODc3NzQ0NA%3D%3D.2-ccb7-4,,
72,1194074903203154090,1194074903203154090_1742887177,1456564842,1,640,640,https://instagram.fluh1-1.fna.fbcdn.net/v/t51.2885-15/e15/12751571_906023626132989_1792482176_n.jpg?tp=1&_nc_ht=instagram.fluh1-1.fna.fbcdn.net&_nc_cat=109&_nc_ohc=gPtzKXNZbZQAX8pgek1&ccb=7-4&oh=d384c3080cbb9d7e77db3f2790433885&oe=6082D043&_nc_sid=6136e7&ig_cache_key=MTE5NDA3NDkwMzIwMzE1NDA5MA%3D%3D.2-ccb7-4,,
73,1194074388595607706,1194074388595607706_1742887177,1456564781,1,640,640,https://instagram.fluh1-1.fna.fbcdn.net/v/t51.2885-15/e15/12748261_190349334670272_55897086_n.jpg?tp=1&_nc_ht=instagram.fluh1-1.fna.fbcdn.net&_nc_cat=100&_nc_ohc=hwUlHRt6PTMAX-K73x-&ccb=7-4&oh=f312552405150a6d4f76c8d663bc8fe0&oe=6081B57D&_nc_sid=6136e7&ig_cache_key=MTE5NDA3NDM4ODU5NTYwNzcwNg%3D%3D.2-ccb7-4,,
74,1194015144303265803,1194015144303265803_1742887177,1456557718,1,478,597,https://instagram.fluh1-1.fna.fbcdn.net/v/t51.2885-15/e35/12748319_1674206066151264_315665539_n.jpg?tp=1&_nc_ht=instagram.fluh1-1.fna.fbcdn.net&_nc_cat=100&_nc_ohc=y9IaSsE-uigAX_sefoi&ccb=7-4&oh=034d78e630efa9a54df6f88088de5bf5&oe=6080AB1D&_nc_sid=6136e7&ig_cache_key=MTE5NDAxNTE0NDMwMzI2NTgwMw%3D%3D.2-ccb7-4,,
75,1193974599107348579,1193974599107348579_1742887177,1456552885,1,1080,718,https://instagram.fluh1-1.fna.fbcdn.net/v/t51.2885-15/e35/12716514_655478607927208_1235794269_n.jpg?se=7&tp=1&_nc_ht=instagram.fluh1-1.fna.fbcdn.net&_nc_cat=104&_nc_ohc=bkRkMFmccmUAX8tu04a&ccb=7-4&oh=a83b52bb7ba16230de7d76bab2c61dd3&oe=6080FA9B&_nc_sid=6136e7&ig_cache_key=MTE5Mzk3NDU5OTEwNzM0ODU3OQ%3D%3D.2-ccb7-4,,
76,1193620434971658377,1193620434971658377_1742887177,1456510665,1,1080,1080,https://instagram.fluh1-1.fna.fbcdn.net/v/t51.2885-15/e35/12783324_609903082509356_1037911574_n.jpg?se=7&tp=1&_nc_ht=instagram.fluh1-1.fna.fbcdn.net&_nc_cat=108&_nc_ohc=x_EXfoL0TZUAX-PsTiu&ccb=7-4&oh=34cd6ebc36e8a1f4cc0783b58d8e6a83&oe=6083000F&_nc_sid=6136e7&ig_cache_key=MTE5MzYyMDQzNDk3MTY1ODM3Nw%3D%3D.2-ccb7-4,,
77,1193602176604310120,1193602176604310120_1742887177,1456508489,1,1080,1080,https://instagram.fluh1-1.fna.fbcdn.net/v/t51.2885-15/e35/12751508_1717186225162200_1221232568_n.jpg?se=7&tp=1&_nc_ht=instagram.fluh1-1.fna.fbcdn.net&_nc_cat=100&_nc_ohc=nupfUk354i4AX_xKDq_&ccb=7-4&oh=5cb786f208702f43ad295899e362b8a9&oe=60834DB6&_nc_sid=6136e7&ig_cache_key=MTE5MzYwMjE3NjYwNDMxMDEyMA%3D%3D.2-ccb7-4,,
78,1193595819415177667,1193595819415177667_1742887177,1456507731,1,1080,1080,https://instagram.fluh1-1.fna.fbcdn.net/v/t51.2885-15/e35/12748261_1351490638202464_1134391181_n.jpg?se=7&tp=1&_nc_ht=instagram.fluh1-1.fna.fbcdn.net&_nc_cat=104&_nc_ohc=0UsoPJhlnk8AX_S6F4r&ccb=7-4&oh=de665f6884d424fff1d6d908256d2b9e&oe=60832986&_nc_sid=6136e7&ig_cache_key=MTE5MzU5NTgxOTQxNTE3NzY2Nw%3D%3D.2-ccb7-4,,
79,1193590927019608355,1193590927019608355_1742887177,1456507148,1,1010,1010,https://instagram.fluh1-1.fna.fbcdn.net/v/t51.2885-15/e35/12748347_729378967163648_1503546767_n.jpg?se=7&tp=1&_nc_ht=instagram.fluh1-1.fna.fbcdn.net&_nc_cat=108&_nc_ohc=addnb5b-IIYAX8U9jUt&ccb=7-4&oh=f1b3f5f7ee8c8d81d6ce90b618d11246&oe=60828772&_nc_sid=6136e7&ig_cache_key=MTE5MzU5MDkyNzAxOTYwODM1NQ%3D%3D.2-ccb7-4,,
80,1193589624403003639,1193589624403003639_1742887177,1456506992,1,870,870,https://instagram.fluh1-1.fna.fbcdn.net/v/t51.2885-15/e35/12729653_570750483076389_348461477_n.jpg?se=8&tp=1&_nc_ht=instagram.fluh1-1.fna.fbcdn.net&_nc_cat=109&_nc_ohc=cICDSgO3cNwAX-Dhoim&ccb=7-4&oh=3e7ecec370bf2222ec84ef0b32633c85&oe=60807D0D&_nc_sid=6136e7&ig_cache_key=MTE5MzU4OTYyNDQwMzAwMzYzOQ%3D%3D.2-ccb7-4,,
81,1193585178935691377,1193585178935691377_1742887177,1456506462,1,1066,1066,https://instagram.fluh1-1.fna.fbcdn.net/v/t51.2885-15/e35/12677516_775957922548909_1801607885_n.jpg?se=7&tp=1&_nc_ht=instagram.fluh1-1.fna.fbcdn.net&_nc_cat=101&_nc_ohc=aKb4wwRs2yQAX_fusNt&ccb=7-4&oh=058fc40a3bc1802e745ed64b712962b6&oe=60816AB1&_nc_sid=6136e7&ig_cache_key=MTE5MzU4NTE3ODkzNTY5MTM3Nw%3D%3D.2-ccb7-4,,
82,1193584771660384354,1193584771660384354_1742887177,1456506414,1,966,1207,https://instagram.fluh1-1.fna.fbcdn.net/v/t51.2885-15/e35/12783997_1688687524744808_1366715479_n.jpg?se=8&tp=1&_nc_ht=instagram.fluh1-1.fna.fbcdn.net&_nc_cat=108&_nc_ohc=dx8-adnbbx8AX8UTTXp&ccb=7-4&oh=4b51f05faaa8a9dae2f0c6ae707557c5&oe=60809D61&_nc_sid=6136e7&ig_cache_key=MTE5MzU4NDc3MTY2MDM4NDM1NA%3D%3D.2-ccb7-4,,
83,1193583979943561287,1193583979943561287_1742887177,1456506319,1,1080,1080,https://instagram.fluh1-1.fna.fbcdn.net/v/t51.2885-15/e35/12729635_985186154909462_1112173847_n.jpg?se=7&tp=1&_nc_ht=instagram.fluh1-1.fna.fbcdn.net&_nc_cat=102&_nc_ohc=n1-Yy6cgvWsAX_ca4DG&ccb=7-4&oh=a50f05e3dd61130768c21f38b6c0e2b2&oe=6081CC36&_nc_sid=6136e7&ig_cache_key=MTE5MzU4Mzk3OTk0MzU2MTI4Nw%3D%3D.2-ccb7-4,,
84,1193582931753437209,1193582931753437209_1742887177,1456506194,1,1080,1080,https://instagram.fluh1-1.fna.fbcdn.net/v/t51.2885-15/e35/12724833_137600766628877_323346079_n.jpg?se=7&tp=1&_nc_ht=instagram.fluh1-1.fna.fbcdn.net&_nc_cat=105&_nc_ohc=eYjgwcAiJDsAX98NLT-&ccb=7-4&oh=7cc3acea9eca51105f70017f1b9faee6&oe=60843F3C&_nc_sid=6136e7&ig_cache_key=MTE5MzU4MjkzMTc1MzQzNzIwOQ%3D%3D.2-ccb7-4,,
85,1193579744929647555,1193579744929647555_1742887177,1456505815,1,1080,1080,https://instagram.fluh1-1.fna.fbcdn.net/v/t51.2885-15/e35/11848908_329530397217515_1049513697_n.jpg?se=7&tp=1&_nc_ht=instagram.fluh1-1.fna.fbcdn.net&_nc_cat=111&_nc_ohc=Y60uYlY8pm0AX-oEp4f&ccb=7-4&oh=6454025924df5d1549518961ce03fe34&oe=6081A77C&_nc_sid=6136e7&ig_cache_key=MTE5MzU3OTc0NDkyOTY0NzU1NQ%3D%3D.2-ccb7-4,,
86,1193499510117108110,1193499510117108110_1742887177,1456496250,1,480,480,https://instagram.fluh1-1.fna.fbcdn.net/v/t51.2885-15/e35/12729610_1543477742648502_1237781924_n.jpg?tp=1&_nc_ht=instagram.fluh1-1.fna.fbcdn.net&_nc_cat=106&_nc_ohc=xTVEcL751f8AX-3-343&ccb=7-4&oh=294db0798bb602592192009f433d734f&oe=608348AA&_nc_sid=6136e7&ig_cache_key=MTE5MzQ5OTUxMDExNzEwODExMA%3D%3D.2-ccb7-4,,
87,1193498829389957496,1193498829389957496_1742887177,1456496169,1,879,879,https://instagram.fluh1-1.fna.fbcdn.net/v/t51.2885-15/e35/12783849_231054893901608_1264606826_n.jpg?se=8&tp=1&_nc_ht=instagram.fluh1-1.fna.fbcdn.net&_nc_cat=108&_nc_ohc=ghGQ0wHuA4MAX-DJ1H8&ccb=7-4&oh=6a731771ea2440f8b7ec7e769fb24b68&oe=60821E9A&_nc_sid=6136e7&ig_cache_key=MTE5MzQ5ODgyOTM4OTk1NzQ5Ng%3D%3D.2-ccb7-4,,
88,1193494761108015343,1193494761108015343_1742887177,1456495684,1,1048,1048,https://instagram.fluh1-1.fna.fbcdn.net/v/t51.2885-15/e35/12748211_740669679403657_398583959_n.jpg?se=7&tp=1&_nc_ht=instagram.fluh1-1.fna.fbcdn.net&_nc_cat=101&_nc_ohc=EdMPst2ktAsAX8h07TP&ccb=7-4&oh=29044ddddc900295a0a7cf6fc207f622&oe=6083B1AA&_nc_sid=6136e7&ig_cache_key=MTE5MzQ5NDc2MTEwODAxNTM0Mw%3D%3D.2-ccb7-4,,
89,1193490586433357933,1193490586433357933_1742887177,1456495186,1,1080,1350,https://instagram.fluh1-1.fna.fbcdn.net/v/t51.2885-15/e35/12328459_558100284350107_1555100238_n.jpg?se=7&tp=1&_nc_ht=instagram.fluh1-1.fna.fbcdn.net&_nc_cat=107&_nc_ohc=A_YzRMq2EUwAX_eJFKM&ccb=7-4&oh=84e7ff90ffddaf9365270249f77d0b81&oe=608133E4&_nc_sid=6136e7&ig_cache_key=MTE5MzQ5MDU4NjQzMzM1NzkzMw%3D%3D.2-ccb7-4,,
90,1193487536259992574,1193487536259992574_1742887177,1456494822,1,768,768,https://instagram.fluh1-1.fna.fbcdn.net/v/t51.2885-15/e35/12677476_157548377963508_81596916_n.jpg?tp=1&_nc_ht=instagram.fluh1-1.fna.fbcdn.net&_nc_cat=100&_nc_ohc=Oz-q6FNzJBYAX-EBqQy&ccb=7-4&oh=abc24e435a57a8f70b024915e1072ae9&oe=6082257A&_nc_sid=6136e7&ig_cache_key=MTE5MzQ4NzUzNjI1OTk5MjU3NA%3D%3D.2-ccb7-4,,
91,1193464897671924053,1193464897671924053_1742887177,1456492124,1,640,640,https://instagram.fluh1-1.fna.fbcdn.net/v/t51.2885-15/e35/12519602_1030788746963124_1908532340_n.jpg?tp=1&_nc_ht=instagram.fluh1-1.fna.fbcdn.net&_nc_cat=100&_nc_ohc=IvhCkz3Ld7QAX8voNkk&ccb=7-4&oh=03b1aabbcd35f1265cfc3a4eecad6591&oe=60833881&_nc_sid=6136e7&ig_cache_key=MTE5MzQ2NDg5NzY3MTkyNDA1Mw%3D%3D.2-ccb7-4,,
92,1193462923731798301,1193462923731798301_1742887177,1456491888,1,960,960,https://instagram.fluh1-1.fna.fbcdn.net/v/t51.2885-15/e35/11349228_1536942819933437_305857469_n.jpg?se=8&tp=1&_nc_ht=instagram.fluh1-1.fna.fbcdn.net&_nc_cat=105&_nc_ohc=yJQN2BuVEZIAX-snbWP&ccb=7-4&oh=a766a50c506263b6c7ee5e621df2bda4&oe=6082D19B&_nc_sid=6136e7&ig_cache_key=MTE5MzQ2MjkyMzczMTc5ODMwMQ%3D%3D.2-ccb7-4,,
93,1193462638057752855,1193462638057752855_1742887177,1456491854,1,960,960,https://instagram.fluh1-1.fna.fbcdn.net/v/t51.2885-15/e35/12519602_1509102182732028_828721798_n.jpg?se=8&tp=1&_nc_ht=instagram.fluh1-1.fna.fbcdn.net&_nc_cat=100&_nc_ohc=U-iMwnslmXYAX-idEV7&ccb=7-4&oh=6eee3169db75ca1809d84c89ca885eaa&oe=60821914&_nc_sid=6136e7&ig_cache_key=MTE5MzQ2MjYzODA1Nzc1Mjg1NQ%3D%3D.2-ccb7-4,,
94,1193462475276814608,1193462475276814608_1742887177,1456491835,1,1080,1080,https://instagram.fluh1-1.fna.fbcdn.net/v/t51.2885-15/e35/12749860_1568620806788304_1905024656_n.jpg?se=7&tp=1&_nc_ht=instagram.fluh1-1.fna.fbcdn.net&_nc_cat=100&_nc_ohc=7URGzCV6-9MAX8iS07Z&ccb=7-4&oh=6d5e1337730ea292f65b3c992eee1756&oe=60816EB0&_nc_sid=6136e7&ig_cache_key=MTE5MzQ2MjQ3NTI3NjgxNDYwOA%3D%3D.2-ccb7-4,,
95,1193358880380423002,1193358880380423002_1742887177,1456479485,1,864,864,https://instagram.fluh1-1.fna.fbcdn.net/v/t51.2885-15/e35/12716733_1559564134358249_506318102_n.jpg?se=8&tp=1&_nc_ht=instagram.fluh1-1.fna.fbcdn.net&_nc_cat=105&_nc_ohc=I4rToT1OM6gAX81qfX2&ccb=7-4&oh=047379ed2f2dbcd0a0c93708a1165019&oe=6081AD9A&_nc_sid=6136e7&ig_cache_key=MTE5MzM1ODg4MDM4MDQyMzAwMg%3D%3D.2-ccb7-4,,
96,1193357880223468358,1193357880223468358_1742887177,1456479366,1,1066,1066,https://instagram.fluh1-1.fna.fbcdn.net/v/t51.2885-15/e35/926686_240949332910260_1473530621_n.jpg?se=7&tp=1&_nc_ht=instagram.fluh1-1.fna.fbcdn.net&_nc_cat=100&_nc_ohc=Pd3FecpypMsAX9NebRo&ccb=7-4&oh=caa0cd73fa8d2b58d015dc4a247edb93&oe=6083416E&_nc_sid=6136e7&ig_cache_key=MTE5MzM1Nzg4MDIyMzQ2ODM1OA%3D%3D.2-ccb7-4,,
97,1193352064980355762,1193352064980355762_1742887177,1456478673,1,714,714,https://instagram.fluh1-1.fna.fbcdn.net/v/t51.2885-15/e35/12748254_952674111489172_522879783_n.jpg?tp=1&_nc_ht=instagram.fluh1-1.fna.fbcdn.net&_nc_cat=104&_nc_ohc=8FrmoSMmPDMAX_bx27A&ccb=7-4&oh=a56e52c0404f04d903e615ed82165e45&oe=60832D54&_nc_sid=6136e7&ig_cache_key=MTE5MzM1MjA2NDk4MDM1NTc2Mg%3D%3D.2-ccb7-4,,
98,1193343116357274140,1193343116357274140_1742887177,1456477606,1,1066,1066,https://instagram.fluh1-1.fna.fbcdn.net/v/t51.2885-15/e35/12797672_779727598826258_188888529_n.jpg?se=7&tp=1&_nc_ht=instagram.fluh1-1.fna.fbcdn.net&_nc_cat=102&_nc_ohc=JvEZNiX9Eo8AX8QPZ3h&ccb=7-4&oh=fed0867f35706d9ce72e9646013b31c4&oe=6080A838&_nc_sid=6136e7&ig_cache_key=MTE5MzM0MzExNjM1NzI3NDE0MA%3D%3D.2-ccb7-4,,
99,1193342566995724816,1193342566995724816_1742887177,1456477541,1,1080,1080,https://instagram.fluh1-1.fna.fbcdn.net/v/t51.2885-15/e35/12747789_238264296507634_1384959162_n.jpg?se=7&tp=1&_nc_ht=instagram.fluh1-1.fna.fbcdn.net&_nc_cat=110&_nc_ohc=zLgnjjgbe0sAX-JZehw&ccb=7-4&oh=2716faff820c5555859e7d3050cb3733&oe=60816D63&_nc_sid=6136e7&ig_cache_key=MTE5MzM0MjU2Njk5NTcyNDgxNg%3D%3D.2-ccb7-4,,
100,1193328070164089092,1193328070164089092_1742887177,1456475813,1,977,977,https://instagram.fluh1-1.fna.fbcdn.net/v/t51.2885-15/e35/12783336_1518008261838006_1245000108_n.jpg?se=8&tp=1&_nc_ht=instagram.fluh1-1.fna.fbcdn.net&_nc_cat=106&_nc_ohc=FSzcPK5oDcEAX9n0S2T&ccb=7-4&oh=db360e4d7d1927b45838cfe704e7a759&oe=6083C58F&_nc_sid=6136e7&ig_cache_key=MTE5MzMyODA3MDE2NDA4OTA5Mg%3D%3D.2-ccb7-4,,
101,1193318388393445499,1193318388393445499_1742887177,1456474658,1,900,900,https://instagram.fluh1-1.fna.fbcdn.net/v/t51.2885-15/e35/12716774_1522436771386104_1067987651_n.jpg?se=8&tp=1&_nc_ht=instagram.fluh1-1.fna.fbcdn.net&_nc_cat=100&_nc_ohc=j2zBlFTLVEEAX93hLwk&ccb=7-4&oh=79d2b32bc1ea9432feddf2c962709fd0&oe=6083E2E9&_nc_sid=6136e7&ig_cache_key=MTE5MzMxODM4ODM5MzQ0NTQ5OQ%3D%3D.2-ccb7-4,,
102,1193315915725408345,1193315915725408345_1742887177,1456474364,1,639,639,https://instagram.fluh1-1.fna.fbcdn.net/v/t51.2885-15/e35/12751416_928989577196596_1381912978_n.jpg?tp=1&_nc_ht=instagram.fluh1-1.fna.fbcdn.net&_nc_cat=104&_nc_ohc=R_vJdaoqTzkAX_8SZ8t&ccb=7-4&oh=5c30f8f612cc20fcb4f126f7beb6f4f8&oe=60809013&_nc_sid=6136e7&ig_cache_key=MTE5MzMxNTkxNTcyNTQwODM0NQ%3D%3D.2-ccb7-4,,
103,1193315391143807056,1193315391143807056_1742887177,1456474301,1,705,705,https://instagram.fluh1-1.fna.fbcdn.net/v/t51.2885-15/e35/10838705_980874538663101_2108212549_n.jpg?tp=1&_nc_ht=instagram.fluh1-1.fna.fbcdn.net&_nc_cat=109&_nc_ohc=eMuQFQIhAesAX_dBzIb&ccb=7-4&oh=dcd042cad45d85806a4ccd7cd6e52c77&oe=608162D9&_nc_sid=6136e7&ig_cache_key=MTE5MzMxNTM5MTE0MzgwNzA1Ng%3D%3D.2-ccb7-4,,
104,1193299258919488340,1193299258919488340_1742887177,1456472378,1,640,640,https://instagram.fluh1-1.fna.fbcdn.net/v/t51.2885-15/e15/12747793_1037687222939561_1605251614_n.jpg?tp=1&_nc_ht=instagram.fluh1-1.fna.fbcdn.net&_nc_cat=105&_nc_ohc=e7ZEZn6pBeoAX9u9Xpc&ccb=7-4&oh=4dd610ecb7e577292dedeb66e3d46218&oe=608130CE&_nc_sid=6136e7&ig_cache_key=MTE5MzI5OTI1ODkxOTQ4ODM0MA%3D%3D.2-ccb7-4,,
105,1193290609459333844,1193290609459333844_1742887177,1456471347,1,1080,1080,https://instagram.fluh1-1.fna.fbcdn.net/v/t51.2885-15/e35/10802573_649243038551611_1347792965_n.jpg?se=7&tp=1&_nc_ht=instagram.fluh1-1.fna.fbcdn.net&_nc_cat=107&_nc_ohc=bJYOIg50RpAAX-7AYsm&ccb=7-4&oh=35094bdb0d431def579df0eef9ce6ecb&oe=6081B813&_nc_sid=6136e7&ig_cache_key=MTE5MzI5MDYwOTQ1OTMzMzg0NA%3D%3D.2-ccb7-4,,
106,1192905204939492011,1192905204939492011_1742887177,1456425403,1,640,640,https://instagram.fluh1-1.fna.fbcdn.net/v/t51.2885-15/e15/12725158_1531046857197271_940133696_n.jpg?tp=1&_nc_ht=instagram.fluh1-1.fna.fbcdn.net&_nc_cat=107&_nc_ohc=vcrwTz16D_sAX_CYRIG&ccb=7-4&oh=0e814f3413094d8feedbf7223eb90db7&oe=608223D7&_nc_sid=6136e7&ig_cache_key=MTE5MjkwNTIwNDkzOTQ5MjAxMQ%3D%3D.2-ccb7-4,,
107,1192507673009064663,1192507673009064663_1742887177,1456378014,1,640,640,https://instagram.fluh1-1.fna.fbcdn.net/v/t51.2885-15/e15/12748254_579659148866108_1166983133_n.jpg?tp=1&_nc_ht=instagram.fluh1-1.fna.fbcdn.net&_nc_cat=108&_nc_ohc=7PFWimjcZMgAX_wTLZW&ccb=7-4&oh=e13d5444189048de9beebd0ec1d80903&oe=6084690C&_nc_sid=6136e7&ig_cache_key=MTE5MjUwNzY3MzAwOTA2NDY2Mw%3D%3D.2-ccb7-4,,
108,1192392988037351609,1192392988037351609_1742887177,1456364342,1,640,640,https://instagram.fluh1-1.fna.fbcdn.net/v/t51.2885-15/e15/12724765_1693597664258182_1547102906_n.jpg?tp=1&_nc_ht=instagram.fluh1-1.fna.fbcdn.net&_nc_cat=110&_nc_ohc=KtBtFICh-kAAX8bnChk&ccb=7-4&oh=e60f0a4f27242e480215ae404cc3e46a&oe=608401CF&_nc_sid=6136e7&ig_cache_key=MTE5MjM5Mjk4ODAzNzM1MTYwOQ%3D%3D.2-ccb7-4,,
109,1191852491854187456,1191852491854187456_1742887177,1456299910,1,640,640,https://instagram.fluh1-1.fna.fbcdn.net/v/t51.2885-15/e15/12531088_1671917789713087_1831648587_n.jpg?tp=1&_nc_ht=instagram.fluh1-1.fna.fbcdn.net&_nc_cat=107&_nc_ohc=QTlIJopxTwAAX-wsass&ccb=7-4&oh=678f5267b3b63e3527cc5af63cf69fdb&oe=608211F6&_nc_sid=6136e7&ig_cache_key=MTE5MTg1MjQ5MTg1NDE4NzQ1Ng%3D%3D.2-ccb7-4,,
110,1190460157996435743,1190460157996435743_1742887177,1456133931,1,640,640,https://instagram.fluh1-1.fna.fbcdn.net/v/t51.2885-15/e15/12716957_834717999987811_396159246_n.jpg?tp=1&_nc_ht=instagram.fluh1-1.fna.fbcdn.net&_nc_cat=107&_nc_ohc=-7c7P62DQg8AX9YHWWp&ccb=7-4&oh=e1e7a54bff90367fdd2409473a766f44&oe=608422AF&_nc_sid=6136e7&ig_cache_key=MTE5MDQ2MDE1Nzk5NjQzNTc0Mw%3D%3D.2-ccb7-4,,
111,1190458799587199222,1190458799587199222_1742887177,1456133769,1,640,640,https://instagram.fluh1-1.fna.fbcdn.net/v/t51.2885-15/e15/12728488_1551175058528673_598349189_n.jpg?tp=1&_nc_ht=instagram.fluh1-1.fna.fbcdn.net&_nc_cat=109&_nc_ohc=c_JbM3hP-h4AX98_JGM&ccb=7-4&oh=dd2e11ba5eba3fb706437487c2ca3ec5&oe=6080A965&_nc_sid=6136e7&ig_cache_key=MTE5MDQ1ODc5OTU4NzE5OTIyMg%3D%3D.2-ccb7-4,,
112,1189739328383879488,1189739328383879488_1742887177,1456048001,1,640,640,https://instagram.fluh1-1.fna.fbcdn.net/v/t51.2885-15/e15/12729409_960326470681685_1643699430_n.jpg?tp=1&_nc_ht=instagram.fluh1-1.fna.fbcdn.net&_nc_cat=105&_nc_ohc=OayZSiWvJMYAX8dRWoF&ccb=7-4&oh=4eb4ce37cafee260d0e0af4296b68e4b&oe=6084600D&_nc_sid=6136e7&ig_cache_key=MTE4OTczOTMyODM4Mzg3OTQ4OA%3D%3D.2-ccb7-4,,
113,1189719534565723002,1189719534565723002_1742887177,1456045642,1,640,640,https://instagram.fluh1-1.fna.fbcdn.net/v/t51.2885-15/e15/12728654_1682357415385458_1640308728_n.jpg?tp=1&_nc_ht=instagram.fluh1-1.fna.fbcdn.net&_nc_cat=106&_nc_ohc=xxCFoIVXPnYAX8oybUM&ccb=7-4&oh=e9867b0bf79a827144594b8ce51ea483&oe=6084652C&_nc_sid=6136e7&ig_cache_key=MTE4OTcxOTUzNDU2NTcyMzAwMg%3D%3D.2-ccb7-4,,
114,1189718692701801321,1189718692701801321_1742887177,1456045541,1,640,640,https://instagram.fluh1-1.fna.fbcdn.net/v/t51.2885-15/e15/12716787_162601080788925_1440386732_n.jpg?tp=1&_nc_ht=instagram.fluh1-1.fna.fbcdn.net&_nc_cat=109&_nc_ohc=jhj11iifNtIAX_dP_jL&ccb=7-4&oh=1cdd72c2822b425b5017e2402c1a549a&oe=6083E340&_nc_sid=6136e7&ig_cache_key=MTE4OTcxODY5MjcwMTgwMTMyMQ%3D%3D.2-ccb7-4,,
115,1189717639134579536,1189717639134579536_1742887177,1456045416,1,640,640,https://instagram.fluh1-1.fna.fbcdn.net/v/t51.2885-15/e15/10299801_1029711457101400_281699575_n.jpg?tp=1&_nc_ht=instagram.fluh1-1.fna.fbcdn.net&_nc_cat=104&_nc_ohc=d33-3y_3OBcAX_tENch&ccb=7-4&oh=2fcc7292bcb63ec5d1dd94346370f2c6&oe=60819887&_nc_sid=6136e7&ig_cache_key=MTE4OTcxNzYzOTEzNDU3OTUzNg%3D%3D.2-ccb7-4,,
116,1189686114301118661,1189686114301118661_1742887177,1456041658,1,640,640,https://instagram.fluh1-1.fna.fbcdn.net/v/t51.2885-15/e15/12749773_234157870253113_765048181_n.jpg?tp=1&_nc_ht=instagram.fluh1-1.fna.fbcdn.net&_nc_cat=101&_nc_ohc=gBOj4maT9joAX-GtH2x&ccb=7-4&oh=048df11a34f58e3d85f438344ba03092&oe=6081CCB3&_nc_sid=6136e7&ig_cache_key=MTE4OTY4NjExNDMwMTExODY2MQ%3D%3D.2-ccb7-4,,
117,1189685550771210425,1189685550771210425_1742887177,1456041590,1,640,640,https://instagram.fluh1-1.fna.fbcdn.net/v/t51.2885-15/e15/12747596_1695673323980936_675545373_n.jpg?tp=1&_nc_ht=instagram.fluh1-1.fna.fbcdn.net&_nc_cat=108&_nc_ohc=n16JeNK6QJQAX8RSXWP&ccb=7-4&oh=ae45ec6827c9d5b520283e134a769a94&oe=6083A13E&_nc_sid=6136e7&ig_cache_key=MTE4OTY4NTU1MDc3MTIxMDQyNQ%3D%3D.2-ccb7-4,,
118,1189685080203856049,1189685080203856049_1742887177,1456041534,1,640,640,https://instagram.fluh1-1.fna.fbcdn.net/v/t51.2885-15/e15/12716657_379781705479217_2076472600_n.jpg?tp=1&_nc_ht=instagram.fluh1-1.fna.fbcdn.net&_nc_cat=105&_nc_ohc=TEaAMXQ8Gc4AX8WX2gj&ccb=7-4&oh=d3d41f39a943c1d5b4d82e8ee4b77b2d&oe=608116A2&_nc_sid=6136e7&ig_cache_key=MTE4OTY4NTA4MDIwMzg1NjA0OQ%3D%3D.2-ccb7-4,,
119,1189678828031707179,1189678828031707179_1742887177,1456040789,1,640,640,https://instagram.fluh1-1.fna.fbcdn.net/v/t51.2885-15/e15/12725184_167969580249129_958340183_n.jpg?tp=1&_nc_ht=instagram.fluh1-1.fna.fbcdn.net&_nc_cat=109&_nc_ohc=xwEekHEGxCkAX9f03lJ&ccb=7-4&oh=e2a7f8471015749a0ca1ec76ab005673&oe=608305EF&_nc_sid=6136e7&ig_cache_key=MTE4OTY3ODgyODAzMTcwNzE3OQ%3D%3D.2-ccb7-4,,
120,1189677874079205405,1189677874079205405_1742887177,1456040675,1,640,640,https://instagram.fluh1-1.fna.fbcdn.net/v/t51.2885-15/e15/12748431_1517769975196486_1003618057_n.jpg?tp=1&_nc_ht=instagram.fluh1-1.fna.fbcdn.net&_nc_cat=110&_nc_ohc=1TEWe6e-JfYAX_6kqnX&ccb=7-4&oh=033c144f868c8fb44cadf26e799643f6&oe=60825162&_nc_sid=6136e7&ig_cache_key=MTE4OTY3Nzg3NDA3OTIwNTQwNQ%3D%3D.2-ccb7-4,,
121,1189676656934127619,1189676656934127619_1742887177,1456040530,1,640,640,https://instagram.fluh1-1.fna.fbcdn.net/v/t51.2885-15/e15/12728444_605626902944792_533697705_n.jpg?tp=1&_nc_ht=instagram.fluh1-1.fna.fbcdn.net&_nc_cat=108&_nc_ohc=xTJkBFPO8AEAX89Y00B&ccb=7-4&oh=3f151f99f26cf34e2ef885f3ca1ffe38&oe=60833A22&_nc_sid=6136e7&ig_cache_key=MTE4OTY3NjY1NjkzNDEyNzYxOQ%3D%3D.2-ccb7-4,,
122,1189612738517797553,1189612738517797553_1742887177,1456032911,1,640,640,https://instagram.fluh1-1.fna.fbcdn.net/v/t51.2885-15/e15/12716461_858071607671517_849451872_n.jpg?tp=1&_nc_ht=instagram.fluh1-1.fna.fbcdn.net&_nc_cat=109&_nc_ohc=W4hoeCJtpCkAX8v0TGt&ccb=7-4&oh=7f1f531ae869086517a50c16c1e35479&oe=6080C71C&_nc_sid=6136e7&ig_cache_key=MTE4OTYxMjczODUxNzc5NzU1Mw%3D%3D.2-ccb7-4,,
123,1189610763948526206,1189610763948526206_1742887177,1456032675,1,640,640,https://instagram.fluh1-1.fna.fbcdn.net/v/t51.2885-15/e15/1168528_1027662240608750_477331723_n.jpg?tp=1&_nc_ht=instagram.fluh1-1.fna.fbcdn.net&_nc_cat=102&_nc_ohc=GCAMXU2BB3cAX83WFrp&ccb=7-4&oh=a71ee2d04e2eecde0ec0013350e369f1&oe=6083D22B&_nc_sid=6136e7&ig_cache_key=MTE4OTYxMDc2Mzk0ODUyNjIwNg%3D%3D.2-ccb7-4,,
124,1189600436422838656,1189600436422838656_1742887177,1456031444,1,640,640,https://instagram.fluh1-1.fna.fbcdn.net/v/t51.2885-15/e15/11809552_1768555256705557_8674911_n.jpg?tp=1&_nc_ht=instagram.fluh1-1.fna.fbcdn.net&_nc_cat=101&_nc_ohc=sWCfsfohgxsAX9GH2w2&ccb=7-4&oh=7262bd731f29be3d30b8be8f25b5769a&oe=608146F6&_nc_sid=6136e7&ig_cache_key=MTE4OTYwMDQzNjQyMjgzODY1Ng%3D%3D.2-ccb7-4,,
125,1188456311149431435,1188456311149431435_1742887177,1455895054,1,640,640,https://instagram.fluh1-1.fna.fbcdn.net/v/t51.2885-15/e15/12628118_1517413508563247_663013591_n.jpg?tp=1&_nc_ht=instagram.fluh1-1.fna.fbcdn.net&_nc_cat=111&_nc_ohc=iDn4Un4G0fQAX-Nclit&ccb=7-4&oh=5205b8891bc27adfdf91d69ba54bf1df&oe=60817C88&_nc_sid=6136e7&ig_cache_key=MTE4ODQ1NjMxMTE0OTQzMTQzNQ%3D%3D.2-ccb7-4,,
126,1188198536725006461,1188198536725006461_1742887177,1455864325,1,640,640,https://instagram.fluh1-1.fna.fbcdn.net/v/t51.2885-15/e15/12747650_980378882032639_1590411336_n.jpg?tp=1&_nc_ht=instagram.fluh1-1.fna.fbcdn.net&_nc_cat=107&_nc_ohc=ksUDDizulXUAX-D8Dwy&ccb=7-4&oh=fa2aec7303953bec6577bdd26d280053&oe=6081B4CD&_nc_sid=6136e7&ig_cache_key=MTE4ODE5ODUzNjcyNTAwNjQ2MQ%3D%3D.2-ccb7-4,,
127,1163620013557549768,1163620013557549768_1742887177,1452934336,1,640,640,https://instagram.fluh1-1.fna.fbcdn.net/v/t51.2885-15/e15/12558770_1679088835681655_1639150807_n.jpg?tp=1&_nc_ht=instagram.fluh1-1.fna.fbcdn.net&_nc_cat=111&_nc_ohc=raqqakF8zvYAX8NydP7&ccb=7-4&oh=d2520739eb24c54f0d15f88d90703bb8&oe=60821A0C&_nc_sid=6136e7&ig_cache_key=MTE2MzYyMDAxMzU1NzU0OTc2OA%3D%3D.2-ccb7-4,,
128,1162633717309639362,1162633717309639362_1742887177,1452816761,1,640,640,https://instagram.fluh1-1.fna.fbcdn.net/v/t51.2885-15/e15/12407323_579733872182284_309426500_n.jpg?tp=1&_nc_ht=instagram.fluh1-1.fna.fbcdn.net&_nc_cat=104&_nc_ohc=TKt5IlajkeQAX-RaAzT&ccb=7-4&oh=bd7aab3c352e8b0257bec81bd80f4b5b&oe=608321FD&_nc_sid=6136e7&ig_cache_key=MTE2MjYzMzcxNzMwOTYzOTM2Mg%3D%3D.2-ccb7-4,,
129,1161942352422635591,1161942352422635591_1742887177,1452734344,1,640,640,https://instagram.fluh1-1.fna.fbcdn.net/v/t51.2885-15/e15/12353991_149345668773898_530401030_n.jpg?tp=1&_nc_ht=instagram.fluh1-1.fna.fbcdn.net&_nc_cat=110&_nc_ohc=qFFmiTXhe4oAX8UwBIp&ccb=7-4&oh=f5034ce6929d46d2a0454416052f077a&oe=60846662&_nc_sid=6136e7&ig_cache_key=MTE2MTk0MjM1MjQyMjYzNTU5MQ%3D%3D.2-ccb7-4,,
130,1161359710622976588,1161359710622976588_1742887177,1452664887,1,640,640,https://instagram.fluh1-1.fna.fbcdn.net/v/t51.2885-15/e35/1170029_1501660413473210_356697658_n.jpg?tp=1&_nc_ht=instagram.fluh1-1.fna.fbcdn.net&_nc_cat=102&_nc_ohc=BBoRArYakZUAX-Rc5tT&ccb=7-4&oh=6f9d4a8ccda79bc2c689e3a83be76dc9&oe=608454BA&_nc_sid=6136e7&ig_cache_key=MTE2MTM1OTcxMDYyMjk3NjU4OA%3D%3D.2-ccb7-4,,
131,1161292815878195597,1161292815878195597_1742887177,1452656913,1,640,640,https://instagram.fluh1-1.fna.fbcdn.net/v/t51.2885-15/e35/12424572_526097684219769_553986032_n.jpg?tp=1&_nc_ht=instagram.fluh1-1.fna.fbcdn.net&_nc_cat=109&_nc_ohc=JcjBhMqcZmcAX8AT1Li&ccb=7-4&oh=94eef1769c8700dfdc478812ff3829a2&oe=6081F4D3&_nc_sid=6136e7&ig_cache_key=MTE2MTI5MjgxNTg3ODE5NTU5Nw%3D%3D.2-ccb7-4,,
132,1161238220149754148,1161238220149754148_1742887177,1452650404,1,640,640,https://instagram.fluh1-1.fna.fbcdn.net/v/t51.2885-15/e15/927208_528491110664963_15540849_n.jpg?tp=1&_nc_ht=instagram.fluh1-1.fna.fbcdn.net&_nc_cat=111&_nc_ohc=bGSgmuanQYUAX80jBN9&ccb=7-4&oh=3cf499e295098312e4bf07c202805d9b&oe=60822BD7&_nc_sid=6136e7&ig_cache_key=MTE2MTIzODIyMDE0OTc1NDE0OA%3D%3D.2-ccb7-4,,
133,1161234313457567970,1161234313457567970_1742887177,1452649939,1,640,640,https://instagram.fluh1-1.fna.fbcdn.net/v/t51.2885-15/e15/916486_427666417432455_181882818_n.jpg?tp=1&_nc_ht=instagram.fluh1-1.fna.fbcdn.net&_nc_cat=103&_nc_ohc=Sl7Jl7FyODMAX8Jdv-7&ccb=7-4&oh=8b4ee34db9a80284ffafd31caac09d23&oe=60814A1C&_nc_sid=6136e7&ig_cache_key=MTE2MTIzNDMxMzQ1NzU2Nzk3MA%3D%3D.2-ccb7-4,,
134,1161231169231128736,1161231169231128736_1742887177,1452649564,1,640,640,https://instagram.fluh1-1.fna.fbcdn.net/v/t51.2885-15/e15/917923_1685544671723958_591694975_n.jpg?tp=1&_nc_ht=instagram.fluh1-1.fna.fbcdn.net&_nc_cat=106&_nc_ohc=_9YMU9o8-E0AX8P3kn2&ccb=7-4&oh=787f55a0571dae869aa6ebf8d42b652d&oe=6081DAF5&_nc_sid=6136e7&ig_cache_key=MTE2MTIzMTE2OTIzMTEyODczNg%3D%3D.2-ccb7-4,,
135,1161228695288023145,1161228695288023145_1742887177,1452649269,1,640,640,https://instagram.fluh1-1.fna.fbcdn.net/v/t51.2885-15/e15/12543135_1947299388827564_1448412284_n.jpg?tp=1&_nc_ht=instagram.fluh1-1.fna.fbcdn.net&_nc_cat=108&_nc_ohc=rGwt_wXyy_AAX8k5GzB&ccb=7-4&oh=9fa9cdbf21490059aa80e397c77d3d26&oe=6081084B&_nc_sid=6136e7&ig_cache_key=MTE2MTIyODY5NTI4ODAyMzE0NQ%3D%3D.2-ccb7-4,,
136,1161225318680365076,1161225318680365076_1742887177,1452648866,1,640,640,https://instagram.fluh1-1.fna.fbcdn.net/v/t51.2885-15/e15/1168672_1504972936474472_1974235491_n.jpg?tp=1&_nc_ht=instagram.fluh1-1.fna.fbcdn.net&_nc_cat=108&_nc_ohc=f0A-vsEQa2UAX9ow6YA&ccb=7-4&oh=ad138b3867b3a2a2f4a8bd41e3bb9483&oe=60829750&_nc_sid=6136e7&ig_cache_key=MTE2MTIyNTMxODY4MDM2NTA3Ng%3D%3D.2-ccb7-4,,
137,1160519373788678652,1160519373788678652_1742887177,1452564711,1,640,640,https://instagram.fluh1-1.fna.fbcdn.net/v/t51.2885-15/e15/12534240_1019417754791344_1496044785_n.jpg?tp=1&_nc_ht=instagram.fluh1-1.fna.fbcdn.net&_nc_cat=104&_nc_ohc=SYOVvf5VRDMAX_wEG9t&ccb=7-4&oh=d62c59864f69b219634205743786780c&oe=6080A541&_nc_sid=6136e7&ig_cache_key=MTE2MDUxOTM3Mzc4ODY3ODY1Mg%3D%3D.2-ccb7-4,,
138,1160321093360290076,1160321093360290076_1742887177,1452541074,1,640,640,https://instagram.fluh1-1.fna.fbcdn.net/v/t51.2885-15/e15/12424859_996060137127443_1829110876_n.jpg?tp=1&_nc_ht=instagram.fluh1-1.fna.fbcdn.net&_nc_cat=111&_nc_ohc=_qJywZyeiOMAX_QLGwD&ccb=7-4&oh=dbdb9f7d63ddf1f3dace7f0ee967bd93&oe=6081B7D9&_nc_sid=6136e7&ig_cache_key=MTE2MDMyMTA5MzM2MDI5MDA3Ng%3D%3D.2-ccb7-4,,
139,1160279768325818473,1160279768325818473_1742887177,1452536148,1,640,640,https://instagram.fluh1-1.fna.fbcdn.net/v/t51.2885-15/e15/12479177_504654253055455_1912852642_n.jpg?tp=1&_nc_ht=instagram.fluh1-1.fna.fbcdn.net&_nc_cat=107&_nc_ohc=EELsTd1HZJQAX_1lJyi&ccb=7-4&oh=6cbee1e714777f2e5718e56df8b2c50a&oe=60841F26&_nc_sid=6136e7&ig_cache_key=MTE2MDI3OTc2ODMyNTgxODQ3Mw%3D%3D.2-ccb7-4,,
140,1160276176684582916,1160276176684582916_1742887177,1452535720,1,640,640,https://instagram.fluh1-1.fna.fbcdn.net/v/t51.2885-15/e15/12543346_666475446826315_1116078804_n.jpg?tp=1&_nc_ht=instagram.fluh1-1.fna.fbcdn.net&_nc_cat=107&_nc_ohc=d39KVUxCG20AX8IozQI&ccb=7-4&oh=b81f65370ca9d899436a4dc67b15cfac&oe=608219D3&_nc_sid=6136e7&ig_cache_key=MTE2MDI3NjE3NjY4NDU4MjkxNg%3D%3D.2-ccb7-4,,
141,1160275665449257973,1160275665449257973_1742887177,1452535659,1,640,640,https://instagram.fluh1-1.fna.fbcdn.net/v/t51.2885-15/e15/12523585_431755450356389_1644693165_n.jpg?tp=1&_nc_ht=instagram.fluh1-1.fna.fbcdn.net&_nc_cat=105&_nc_ohc=RSfNjk_U7YYAX82pKtI&ccb=7-4&oh=b6428e9b99d392b46eaed54da1f22419&oe=60830565&_nc_sid=6136e7&ig_cache_key=MTE2MDI3NTY2NTQ0OTI1Nzk3Mw%3D%3D.2-ccb7-4,,
142,1160273659900857273,1160273659900857273_1742887177,1452535420,1,640,640,https://instagram.fluh1-1.fna.fbcdn.net/v/t51.2885-15/e15/12543361_1677466425869312_1360209508_n.jpg?tp=1&_nc_ht=instagram.fluh1-1.fna.fbcdn.net&_nc_cat=108&_nc_ohc=jtNA7447_PUAX_ebtWu&ccb=7-4&oh=6881030dc06362bded3d6bb44361d4e2&oe=6082142E&_nc_sid=6136e7&ig_cache_key=MTE2MDI3MzY1OTkwMDg1NzI3Mw%3D%3D.2-ccb7-4,,
143,1160037712928050108,1160037712928050108_1742887177,1452507293,1,640,640,https://instagram.fluh1-1.fna.fbcdn.net/v/t51.2885-15/e15/12558521_495284690642980_1753344253_n.jpg?tp=1&_nc_ht=instagram.fluh1-1.fna.fbcdn.net&_nc_cat=104&_nc_ohc=q-saOsFc2bkAX9AgOuZ&ccb=7-4&oh=75622fe31244e23465a51cc110afcf5c&oe=6080E91E&_nc_sid=6136e7&ig_cache_key=MTE2MDAzNzcxMjkyODA1MDEwOA%3D%3D.2-ccb7-4,,
144,1159955695737637489,1159955695737637489_1742887177,1452497516,1,640,640,https://instagram.fluh1-1.fna.fbcdn.net/v/t51.2885-15/e15/10601808_1701432676768708_93473142_n.jpg?tp=1&_nc_ht=instagram.fluh1-1.fna.fbcdn.net&_nc_cat=104&_nc_ohc=qxA_n8IUcV8AX8Zp9P1&ccb=7-4&oh=11de9df29a51803608183f9918c98cab&oe=6082E246&_nc_sid=6136e7&ig_cache_key=MTE1OTk1NTY5NTczNzYzNzQ4OQ%3D%3D.2-ccb7-4,,
145,1159954285688130142,1159954285688130142_1742887177,1452497347,1,640,640,https://instagram.fluh1-1.fna.fbcdn.net/v/t51.2885-15/e15/12543298_501503460029255_389764758_n.jpg?tp=1&_nc_ht=instagram.fluh1-1.fna.fbcdn.net&_nc_cat=111&_nc_ohc=_vue3QoZEu8AX93HQ6G&ccb=7-4&oh=1fdf59db835d5c630e499fef276b47e6&oe=6081D220&_nc_sid=6136e7&ig_cache_key=MTE1OTk1NDI4NTY4ODEzMDE0Mg%3D%3D.2-ccb7-4,,
146,1159951846264146482,1159951846264146482_1742887177,1452497057,1,640,640,https://instagram.fluh1-1.fna.fbcdn.net/v/t51.2885-15/e15/12547126_882346445219924_294133004_n.jpg?tp=1&_nc_ht=instagram.fluh1-1.fna.fbcdn.net&_nc_cat=108&_nc_ohc=ItH-dD6kZyYAX9_iQxW&ccb=7-4&oh=9cb47fbab172926c908d383730155cfc&oe=60822F3A&_nc_sid=6136e7&ig_cache_key=MTE1OTk1MTg0NjI2NDE0NjQ4Mg%3D%3D.2-ccb7-4,,
